Accuracy: 0.35437555621477307
Classification Report:
              precision    recall  f1-score   support

           0       0.40      0.01      0.02       481
           1       0.12      0.18      0.14       122
           2       0.92      0.08      0.16      2055
           3       0.64      0.74      0.69       110
           4       0.81      0.03      0.06      2327
           5       0.90      0.98      0.94       740
           6       0.98      0.06      0.12      5600
           7       0.01      0.58      0.02        50
           8       0.09      0.33      0.14         3
           9       0.00      0.00      0.00         8
          10       0.00      0.00      0.00         2
          11       0.00      0.00      0.00         3
          12       0.20      0.11      0.14         9
          13       0.00      0.00      0.00        10
          14       0.00      0.00      0.00        16
          15       0.00      0.00      0.00         6
          16       0.00      0.00      0.00         9
          17       0.00      0.00      0.00         6
          18       0.00      0.00      0.00         4
          19       0.00      0.00      0.00         6
          20       0.00      0.00      0.00         6
          21       0.00      0.25      0.01         8
          22       0.00      0.00      0.00         3
          23       0.00      0.71      0.01         7
          24       0.00      0.00      0.00         7
          25       0.00      0.00      0.00         1
          26       0.00      0.00      0.00         6
          27       0.00      0.00      0.00         0
          28       0.00      0.00      0.00        12
          29       0.00      0.00      0.00         0
          30       0.16      0.80      0.27         5
          31       0.01      1.00      0.01         3
          36       0.00      0.00      0.00         0
          38       0.00      0.00      0.00         4
          39       0.00      0.00      0.00         8
          40       0.00      0.00      0.00       109
          41       0.00      0.00      0.00        45
          42       0.00      0.00      0.00       151
          43       0.00      0.00      0.00         0
          44       0.00      0.00      0.00       350
          45       0.00      0.00      0.00        47
          46       0.00      0.00      0.00         0
          47       0.00      0.00      0.00         0
          48       0.22      1.00      0.36        13
          49       0.00      0.00      0.00         1
          50       0.59      1.00      0.74      4500
          51       0.00      0.00      0.00         2

    accuracy                           0.35     16855
   macro avg       0.13      0.17      0.08     16855
weighted avg       0.76      0.35      0.31     16855
