Accuracy: 0.8618214179768615
Classification Report:
              precision    recall  f1-score   support

           0       0.82      0.91      0.86       481
           1       0.64      0.52      0.57       122
           2       0.64      0.56      0.60      2055
           3       0.95      0.87      0.91       110
           4       0.82      0.88      0.85      2327
           5       0.95      0.97      0.96       740
           6       0.89      0.94      0.92      5600
           7       0.52      0.34      0.41        50
           8       1.00      0.33      0.50         3
           9       1.00      0.12      0.22         8
          10       0.00      0.00      0.00         2
          11       0.00      0.00      0.00         3
          12       0.33      0.22      0.27         9
          13       1.00      0.10      0.18        10
          14       0.67      0.12      0.21        16
          15       0.20      0.17      0.18         6
          16       0.00      0.00      0.00         9
          17       0.00      0.00      0.00         6
          18       0.00      0.00      0.00         4
          19       0.00      0.00      0.00         6
          20       0.00      0.00      0.00         6
          21       0.00      0.00      0.00         8
          22       0.00      0.00      0.00         3
          23       0.00      0.00      0.00         7
          24       0.00      0.00      0.00         7
          25       0.00      0.00      0.00         1
          26       0.00      0.00      0.00         6
          28       0.67      0.50      0.57        12
          30       0.83      1.00      0.91         5
          31       0.00      0.00      0.00         3
          38       0.00      0.00      0.00         4
          39       0.62      0.62      0.62         8
          40       0.46      0.22      0.30       109
          41       0.33      0.27      0.30        45
          42       0.65      0.48      0.55       151
          44       0.76      0.55      0.64       350
          45       0.82      0.66      0.73        47
          48       0.00      0.00      0.00        13
          49       0.00      0.00      0.00         1
          50       0.95      0.97      0.96      4500
          51       0.00      0.00      0.00         2

    accuracy                           0.86     16855
   macro avg       0.40      0.30      0.32     16855
weighted avg       0.85      0.86      0.85     16855
