Accuracy: 0.5902699495698606
Classification Report:
              precision    recall  f1-score   support

           0       0.78      0.79      0.79       481
           1       0.00      0.00      0.00       122
           2       0.64      0.11      0.18      2055
           3       0.00      0.00      0.00       110
           4       0.57      0.97      0.72      2327
           5       0.90      1.00      0.95       740
           6       0.90      0.33      0.48      5600
           7       0.00      0.00      0.00        50
           8       0.00      0.00      0.00         3
           9       0.00      0.00      0.00         8
          10       0.00      0.00      0.00         2
          11       0.00      0.00      0.00         3
          12       0.00      0.00      0.00         9
          13       0.00      0.00      0.00        10
          14       0.00      0.00      0.00        16
          15       0.00      0.00      0.00         6
          16       0.00      0.00      0.00         9
          17       0.00      0.00      0.00         6
          18       0.00      0.00      0.00         4
          19       0.00      0.00      0.00         6
          20       0.00      0.00      0.00         6
          21       0.00      0.00      0.00         8
          22       0.00      0.00      0.00         3
          23       0.00      0.00      0.00         7
          24       0.00      0.00      0.00         7
          25       0.00      0.00      0.00         1
          26       0.00      0.00      0.00         6
          28       0.00      0.00      0.00        12
          30       0.00      0.00      0.00         5
          31       0.00      0.00      0.00         3
          38       0.00      0.00      0.00         4
          39       0.00      0.00      0.00         8
          40       0.00      0.00      0.00       109
          41       0.00      0.00      0.00        45
          42       0.00      0.00      0.00       151
          44       0.00      0.00      0.00       350
          45       0.00      0.00      0.00        47
          48       0.00      0.00      0.00        13
          49       0.00      0.00      0.00         1
          50       0.49      1.00      0.66      4500
          51       0.00      0.00      0.00         2

    accuracy                           0.59     16855
   macro avg       0.10      0.10      0.09     16855
weighted avg       0.65      0.59      0.52     16855
