Accuracy: 0.8814001779887274
Classification Report:
              precision    recall  f1-score   support

           0       0.83      0.91      0.87       481
           1       0.65      0.61      0.63       122
           2       0.69      0.61      0.65      2055
           3       0.95      0.86      0.90       110
           4       0.83      0.93      0.88      2327
           5       0.96      0.97      0.96       740
           6       0.92      0.94      0.93      5600
           7       0.90      0.86      0.88        50
           8       1.00      0.33      0.50         3
           9       0.00      0.00      0.00         8
          10       0.00      0.00      0.00         2
          11       0.00      0.00      0.00         3
          12       0.25      0.22      0.24         9
          13       0.80      0.40      0.53        10
          14       0.60      0.19      0.29        16
          15       0.25      0.17      0.20         6
          16       0.00      0.00      0.00         9
          17       0.00      0.00      0.00         6
          18       0.00      0.00      0.00         4
          19       1.00      0.17      0.29         6
          20       0.33      0.17      0.22         6
          21       0.20      0.12      0.15         8
          22       0.00      0.00      0.00         3
          23       0.17      0.14      0.15         7
          24       0.50      0.14      0.22         7
          25       0.25      1.00      0.40         1
          26       0.29      0.33      0.31         6
          28       0.86      0.50      0.63        12
          29       0.00      0.00      0.00         0
          30       0.75      0.60      0.67         5
          31       0.00      0.00      0.00         3
          38       0.00      0.00      0.00         4
          39       0.62      0.62      0.62         8
          40       0.63      0.20      0.31       109
          41       0.57      0.27      0.36        45
          42       0.91      0.35      0.51       151
          44       0.86      0.63      0.73       350
          45       0.97      0.68      0.80        47
          48       0.50      0.15      0.24        13
          49       0.00      0.00      0.00         1
          50       0.95      0.99      0.97      4500
          51       0.00      0.00      0.00         2

    accuracy                           0.88     16855
   macro avg       0.48      0.36      0.38     16855
weighted avg       0.87      0.88      0.87     16855
