Accuracy: 0.8523286858498962
Classification Report:
              precision    recall  f1-score   support

           0       0.87      0.87      0.87       481
           1       0.59      0.66      0.62       122
           2       0.60      0.63      0.61      2055
           3       0.96      0.88      0.92       110
           4       0.85      0.84      0.85      2327
           5       0.96      0.95      0.95       740
           6       0.92      0.90      0.91      5600
           7       0.75      0.80      0.78        50
           8       1.00      0.33      0.50         3
           9       0.29      0.25      0.27         8
          10       0.00      0.00      0.00         2
          11       0.00      0.00      0.00         3
          12       0.09      0.11      0.10         9
          13       0.40      0.40      0.40        10
          14       0.36      0.25      0.30        16
          15       0.20      0.17      0.18         6
          16       0.00      0.00      0.00         9
          17       0.00      0.00      0.00         6
          18       0.00      0.00      0.00         4
          19       0.67      0.33      0.44         6
          20       0.12      0.17      0.14         6
          21       0.11      0.12      0.12         8
          22       0.00      0.00      0.00         3
          23       0.12      0.14      0.13         7
          24       0.20      0.29      0.24         7
          25       0.25      1.00      0.40         1
          26       0.22      0.33      0.27         6
          28       0.38      0.50      0.43        12
          30       0.71      1.00      0.83         5
          31       0.00      0.00      0.00         3
          35       0.00      0.00      0.00         0
          36       0.00      0.00      0.00         0
          38       0.00      0.00      0.00         4
          39       0.62      0.62      0.62         8
          40       0.30      0.28      0.29       109
          41       0.26      0.31      0.28        45
          42       0.58      0.38      0.46       151
          44       0.62      0.62      0.62       350
          45       0.73      0.70      0.72        47
          46       0.00      0.00      0.00         0
          48       0.50      0.15      0.24        13
          49       0.00      0.00      0.00         1
          50       0.95      0.96      0.96      4500
          51       0.00      0.00      0.00         2

    accuracy                           0.85     16855
   macro avg       0.37      0.36      0.35     16855
weighted avg       0.85      0.85      0.85     16855
